TAXON-ID	ARTICLE-ID
100	1432
100	2092
100	2093
100	3005
100	3364
100	3873
100	4555
100	6627
100	7838
100	7932
100	7939
100	7940
110	1213
110	2785
110	2786
110	2814
110	2821
110	2857
110	2860
110	3364
110	3467
110	3868
110	4109
110	4555
110	4697
110	4856
110	4869
110	5238
110	6019
110	6296
110	6300
110	6303
110	6305
110	6331
110	6527
110	6627
110	7287
110	7295
110	7298
110	7337
110	7504
110	8519
120	1344
120	1632
120	1633
120	1636
120	1639
120	1640
120	1643
120	1646
120	1729
120	2120
120	2122
120	2123
120	2339
120	2497
120	2577
120	2707
120	2710
120	2739
120	2817
120	2819
120	2869
120	3339
120	3470
120	3471
120	3936
120	3982
120	4237
120	4238
120	4240
120	4253
120	4257
120	4258
120	4261
120	4332
120	4333
120	4474
120	4475
120	4696
120	4698
120	4699
120	4700
120	4702
120	4703
120	4704
120	4854
120	5102
120	5282
120	5465
120	5467
120	5570
120	5647
120	6160
120	6170
120	6412
120	6522
120	6533
120	6955
120	7157
120	7367
120	7492
120	7494
120	7495
120	7625
120	8216
120	8276
120	8348
120	8518
120	8520
200	1011
200	1122
200	1169
200	1206
200	1255
200	1295
200	1297
200	1367
200	1442
200	1505
200	1768
200	1804
200	1805
200	1808
200	1809
200	1817
200	1825
200	1911
200	1913
200	1914
200	1917
200	1927
200	1975
200	1978
200	1988
200	1991
200	1992
200	1995
200	1998
200	2000
200	2016
200	2019
200	2022
200	2028
200	2031
200	2038
200	2039
200	2111
200	2158
200	2159
200	2166
200	2177
200	2178
200	2184
200	2229
200	2318
200	2319
200	2437
200	2468
200	2644
200	2677
200	2771
200	2776
200	3090
200	3644
200	3645
200	3647
200	3648
200	3759
200	3867
200	3874
200	3890
200	4023
200	4094
200	4279
200	4281
200	4302
200	4309
200	4317
200	4405
200	4406
200	4407
200	4410
200	4411
200	4531
200	4560
200	4633
200	4634
200	4789
200	4950
200	5357
200	5619
200	5627
200	5628
200	5633
200	5800
200	5804
200	5805
200	5813
200	5837
200	5870
200	5926
200	5987
200	5998
200	6020
200	6027
200	6228
200	6271
200	6330
200	6532
200	6570
200	6610
200	6936
200	7118
200	7588
200	7643
200	7644
200	7663
200	7664
200	7705
200	7758
200	7759
200	7834
200	7835
200	7976
200	8412
200	8413
200	8414
200	8415
200	8453
201	0
202	5128
202	5129
203	3505
203	6242
204	0
205	4352
205	4554
205	6378
206	1213
206	1279
206	1289
206	1290
206	1367
206	1464
206	1629
206	1635
206	1667
206	1688
206	1804
206	1805
206	1808
206	1809
206	1817
206	1934
206	1938
206	1974
206	2025
206	2030
206	2036
206	2037
206	2046
206	2333
206	2334
206	2343
206	2639
206	2644
206	2648
206	2649
206	2650
206	2653
206	2879
206	3106
206	3355
206	3436
206	3437
206	3440
206	3441
206	3443
206	3445
206	3459
206	3631
206	3632
206	3634
206	3849
206	3890
206	4501
206	4603
206	4605
206	4606
206	4628
206	4629
206	4639
206	4868
206	5238
206	5358
206	5418
206	5520
206	5521
206	5524
206	5526
206	5527
206	5530
206	5538
206	5539
206	5543
206	5544
206	5880
206	5903
206	5987
206	6303
206	6414
206	6432
206	6524
206	6769
206	6979
206	7201
206	7286
206	7588
206	8054
206	8196
206	8198
206	8392
206	8413
206	8414
206	8415
206	8450
207	1001
207	1007
207	1012
207	1019
207	1020
207	1021
207	1038
207	1043
207	1058
207	1117
207	1202
207	1274
207	1284
207	1333
207	1374
207	1375
207	1378
207	1382
207	1383
207	1384
207	1388
207	1418
207	1465
207	1466
207	1483
207	1484
207	1500
207	1503
207	1623
207	1806
207	1810
207	1811
207	1863
207	1864
207	1865
207	1887
207	1976
207	1982
207	1990
207	1996
207	2000
207	2006
207	2007
207	2010
207	2018
207	2020
207	2025
207	2027
207	2034
207	2105
207	2107
207	2213
207	2262
207	2321
207	2325
207	2418
207	2524
207	2612
207	2636
207	2645
207	2647
207	2713
207	2774
207	2775
207	2795
207	2796
207	2802
207	2843
207	2857
207	2858
207	2859
207	2860
207	2864
207	2865
207	2867
207	2868
207	2892
207	2915
207	2985
207	3122
207	3183
207	3362
207	3363
207	3384
207	3422
207	3426
207	3433
207	3434
207	3435
207	3469
207	3597
207	3603
207	3604
207	3608
207	3611
207	3612
207	3613
207	3615
207	3616
207	3618
207	3655
207	3670
207	3703
207	3771
207	3794
207	3818
207	3868
207	3891
207	3892
207	3893
207	3913
207	3924
207	4018
207	4054
207	4064
207	4065
207	4066
207	4067
207	4068
207	4069
207	4072
207	4103
207	4282
207	4287
207	4290
207	4298
207	4304
207	4307
207	4311
207	4316
207	4318
207	4319
207	4320
207	4330
207	4331
207	4404
207	4412
207	4425
207	4565
207	4620
207	4627
207	4646
207	4681
207	4693
207	4849
207	4857
207	4946
207	4966
207	4967
207	4974
207	4975
207	4977
207	4988
207	4989
207	5015
207	5031
207	5192
207	5243
207	5261
207	5406
207	5407
207	5408
207	5473
207	5517
207	5519
207	5531
207	5536
207	5574
207	5617
207	5618
207	5638
207	5670
207	5680
207	5839
207	5847
207	5853
207	5854
207	5855
207	5857
207	5859
207	5861
207	5869
207	5883
207	5884
207	5890
207	5891
207	5892
207	5894
207	5897
207	5898
207	5899
207	5901
207	5904
207	5905
207	5917
207	5919
207	5929
207	5980
207	5984
207	5985
207	5990
207	6009
207	6014
207	6018
207	6022
207	6028
207	6032
207	6037
207	6147
207	6159
207	6177
207	6194
207	6303
207	6309
207	6329
207	6337
207	6338
207	6342
207	6345
207	6405
207	6451
207	6453
207	6454
207	6608
207	6611
207	6612
207	6613
207	6615
207	6738
207	6806
207	6807
207	6937
207	6977
207	7025
207	7026
207	7029
207	7035
207	7065
207	7167
207	7168
207	7169
207	7170
207	7171
207	7172
207	7173
207	7178
207	7180
207	7184
207	7187
207	7189
207	7196
207	7213
207	7248
207	7285
207	7349
207	7401
207	7487
207	7502
207	7503
207	7549
207	7589
207	7592
207	7648
207	7652
207	7654
207	7884
207	7892
207	7894
207	7897
207	7904
207	7982
207	7987
207	7990
207	7991
207	8084
207	8180
207	8182
207	8192
207	8193
207	8239
207	8271
207	8322
207	8330
207	8331
207	8332
207	8334
207	8382
207	8411
207	8420
207	8447
207	8448
207	8449
207	8525
208	1719
208	2571
208	2707
208	4237
208	5570
208	6160
208	8216
209	3009
301	0
302	5026
303	6876
304	4648
305	0
310	0
311	0
312	0
313	0
314	0
315	2092
315	2093
315	6041
316	0
320	0
321	0
322	0
323	0
324	0
325	0
326	0
327	0
328	0
340	0
341	7868
342	3244
342	3245
343	0
344	0
360	3506
361	0
500	6287
500	6300
500	6602
500	7901
500	8452
501	6876
502	0
520	0
521	6295
522	0
523	6287
524	6295
525	0
1009	6271
1010	0
1011	3564
1020	0
1021	0
1022	0
1023	0
1024	0
1025	4371
1025	5125
1026	7123
1027	0
1028	0
1029	0
1030	4585
1031	0
1032	4429
1032	4431
1033	0
1034	1971
1035	0
1036	0
1037	0
1038	0
1039	3525
1040	0
1041	0
1042	0
1043	0
1044	0
1045	1330
1045	4431
1046	1589
1047	0
1048	0
1049	0
1050	0
1051	0
1052	1572
1053	0
1054	0
1055	0
1056	0
1080	2282
1080	2540
1080	2541
1080	3114
1081	4351
1082	6650
1083	0
1084	0
1085	1042
1085	2282
1085	2491
1085	2492
1085	2493
1085	2542
1085	2683
1085	2816
1085	2899
1085	3114
1085	4187
1085	4188
1085	5142
1085	6517
1085	7126
1086	0
1087	0
1088	1237
1089	2540
1089	2541
1089	2683
1089	4554
1090	0
1091	0
1092	4346
1092	4347
1093	0
1094	2540
1094	2541
1110	1055
1110	5450
1111	0
1112	0
1113	0
1114	5272
1114	5273
1114	5450
1115	5450
1116	0
1117	0
1118	0
1119	5013
1119	7868
1120	3114
1120	4115
1120	7959
1121	0
1122	0
1123	0
1124	0
1125	2823
1126	0
1127	0
1128	0
1129	0
1130	0
1131	0
1132	0
1133	0
1134	0
1135	0
1136	0
1140	1553
1140	1554
1141	0
1142	0
1143	0
1144	0
1145	2220
1145	4585
1146	1228
1147	0
1148	1045
1149	1178
1150	0
1151	0
1152	0
1300	0
1301	0
1302	0
1303	7643
1304	0
1305	7932
1306	0
1307	1033
1307	2035
1307	4317
1308	0
1309	0
1310	1977
1310	1978
1310	2166
1310	2679
1310	2776
1310	3137
1310	4633
1310	4634
1310	7928
1310	8454
1311	0
1312	0
1315	0
1316	1991
1317	6271
1318	0
1319	1121
1319	1915
1319	2129
1319	2771
1319	6381
1320	0
1321	6190
1322	0
1333	0
1334	2177
1334	2184
1335	0
1336	1917
1336	7842
1336	8406
1336	8412
1337	0
1338	0
1339	0
1340	1917
1340	2128
1340	2413
1340	6271
1340	8451
1340	8453
1340	8456
1340	8459
1341	0
1342	0
1343	0
1344	0
1345	0
1346	0
1347	0
1348	0
1349	0
1350	0
1351	2111
1352	0
1353	0
1354	0
1355	0
1356	1919
1356	6189
1357	0
1358	0
1359	0
1360	0
1361	0
1400	0
1401	0
1402	0
1403	0
1404	0
1405	0
1406	0
1407	0
1408	0
1409	0
1410	0
1411	0
1412	0
1413	3436
1413	3437
1413	3443
1413	3445
1414	0
1450	0
1451	0
1452	3632
1453	6127
1453	6851
1454	0
1455	0
1456	0
1457	0
1458	0
1459	0
1460	0
1461	4856
1461	7201
1462	0
1463	0
1464	0
1465	0
1466	2784
1467	0
1468	8196
1469	0
1470	6769
1470	6770
1471	0
1472	0
1473	4869
1475	2784
1476	7290
1477	1213
1478	0
1479	0
1480	0
1481	0
1482	0
1483	0
1484	0
1485	3440
1485	3441
1486	1289
1486	1290
1486	5530
1487	0
1488	0
1489	0
1600	0
1601	5863
1602	0
1603	0
1604	0
1605	2326
1606	0
1607	5855
1608	5862
1609	0
1610	5863
1611	0
1612	0
1613	0
1614	0
1615	5862
1616	0
1617	0
1618	2864
1618	5855
1619	0
1620	0
1621	3802
1622	0
1623	0
1624	0
1625	0
1626	0
1627	0
1628	0
1629	0
1630	0
1631	0
1632	0
2000	0
2001	7184
2001	7189
2002	1807
2002	1863
2003	5940
2004	0
2005	0
2006	1983
2006	4314
2007	0
2008	0
2009	0
2010	4681
2011	0
2012	2513
2013	6302
2014	0
2015	0
2016	0
2017	0
2018	0
2019	0
2020	4486
2020	4681
2020	5552
2020	6823
2020	7182
2021	7180
2022	7181
2023	0
2024	6823
2025	1864
2025	2604
2025	2608
2025	2609
2025	2613
2025	2614
2025	2615
2025	6284
2025	6288
2025	8173
2026	3580
2026	4289
2026	4315
2027	5890
2028	6296
2028	6307
2029	0
2030	6290
2031	0
2032	0
2033	0
2034	2636
2035	0
2036	0
2037	1799
2037	2785
2039	0
2040	0
2041	0
2042	1797
2042	1887
2042	2635
2042	3375
2042	3588
2042	3591
2042	5313
2042	6018
2042	7982
2042	7987
2042	8469
2043	0
2044	1215
2044	5826
2044	7165
2044	7196
2044	7197
2044	7198
2045	0
2046	0
2047	0
2048	0
2049	0
2050	0
2051	0
2052	0
2053	5026
2053	6275
2054	0
2055	5940
2056	0
2057	0
2058	0
2059	1075
2059	6280
2060	0
2061	0
2062	5211
2062	5940
2063	1823
2063	3194
2063	4290
2063	4312
2063	4972
2063	5038
2063	5313
2063	7915
2064	0
2065	0
2066	0
2067	0
2068	0
2069	0
2070	0
2071	0
2072	0
2073	0
2074	1012
2074	1982
2074	4272
2074	4330
2074	4971
2075	0
2076	0
2077	0
2078	3802
2079	0
2080	0
2081	0
2082	1274
2082	4295
2082	7897
2083	0
2084	0
2085	7167
2085	7168
2085	7169
2085	7170
2085	7171
2085	7172
2085	7173
2086	4984
2087	0
2088	0
2089	0
2090	0
2091	1484
2091	1821
2091	5026
2091	5313
2091	6168
2091	7654
2091	8182
2092	0
2093	2669
2093	5869
2093	6866
2095	0
2096	0
2097	0
2098	0
2099	0
2100	0
2101	1223
2101	2985
2101	7202
2102	0
2103	7900
2104	0
2105	0
2106	6286
2107	1007
2107	5116
2107	7179
2108	2602
2109	5864
2109	5883
2109	5885
2109	5886
2109	6290
2110	0
2111	0
2112	0
2113	0
2114	0
2115	0
2116	6297
2117	0
2118	0
2119	0
2120	0
2121	0
2122	2136
2123	4286
2123	4321
2123	6302
2124	0
2125	5940
2126	1397
2126	1799
2126	3803
2126	4804
2127	0
2128	0
2129	5408
2130	2660
2130	2661
2130	2866
2130	5853
2130	5892
2131	0
2132	0
2133	0
2134	1676
2135	0
2136	0
2137	1223
2137	2657
2137	2664
2137	6278
2137	7202
2138	0
2139	0
2140	0
2141	0
2142	0
2143	0
2144	0
2145	0
2146	0
2147	0
2148	0
2150	0
2151	0
2152	6292
2152	6302
2153	0
2154	0
2155	0
2156	0
2157	0
2158	0
2159	0
2160	0
2161	0
2162	0
2163	0
2164	0
2165	0
10001	5880
10002	0
10003	0
10004	1319
10004	1629
10004	1667
10004	2235
10004	2332
10004	2333
10004	2334
10004	2337
10004	2340
10004	2343
10004	2730
10004	2803
10004	2879
10004	3117
10004	3118
10004	3124
10004	3300
10004	3459
10004	3630
10004	3631
10004	3632
10004	3633
10004	3634
10004	3849
10004	3952
10004	4492
10004	4639
10004	4687
10004	4688
10004	4689
10004	4733
10004	5008
10004	5215
10004	5228
10004	5614
10004	5716
10004	5873
10004	5876
10004	5877
10004	6184
10004	6618
10004	6771
10004	6772
10004	6826
10004	6829
10004	6833
10004	6834
10004	6835
10004	6837
10004	6838
10004	6839
10004	6841
10004	6842
10004	6843
10004	6844
10004	6847
10004	6848
10004	6861
10004	6863
10004	6945
10004	6947
10004	6949
10004	6950
10004	7276
10004	7420
10004	7527
10004	7547
10004	7687
10004	7917
10004	7918
10005	7715
10006	1464
10006	1486
10006	1487
10006	1938
10006	1939
10006	2040
10006	2388
10006	2834
10006	3732
10006	4200
10006	4335
10006	4402
10006	4872
10006	5112
10006	5469
10006	5470
10006	6456
10006	7286
10006	7522
10006	7962
10006	7964
10006	7966
10007	6769
10007	6770
10007	6979
10008	1974
10008	2030
10008	2046
10009	6127
10009	6524
10009	6828
10009	6851
10010	6127
10011	0
10012	3312
10012	3313
10012	6584
10013	0
10014	0
10015	0
10016	0
10017	6852
10017	6853
10018	0
10019	1725
10019	1726
10019	3436
10019	3437
10019	3440
10019	3441
10019	3443
10019	3445
10019	4628
10019	4928
10019	6414
10019	6630
10019	6705
10019	6926
10019	6939
10019	7919
10019	7922
10019	7924
10019	7927
10020	5520
10021	2310
10022	0
10023	0
10024	6432
10024	7596
10025	0
10026	0
10027	0
10028	0
10029	4749
10029	6970
10030	0
10031	3113
10032	0
10033	0
10034	8438
10035	0
10036	1319
10036	1629
10036	2879
10036	4629
10036	4726
10036	4856
10036	6841
10036	8031
10036	8035
10037	0
10038	0
10039	0
10040	0
10041	2061
10042	0
10043	3467
10043	7337
10044	0
10045	1369
10045	6707
10045	6998
10046	1934
10046	2036
10046	3355
10047	4605
10048	2790
10049	0
10050	0
10051	0
10052	1688
10052	8196
10053	0
10054	1419
10054	3861
10054	6204
10054	8054
10055	0
10056	0
10057	3155
10057	3271
10057	5418
10058	0
10059	0
10060	0
10061	1345
10061	3777
10061	3922
10061	4676
10061	6398
10061	7045
10061	7806
10061	7857
10061	8279
10062	5527
10063	0
10064	3952
10065	4606
10066	2688
10067	3468
10067	7290
10068	0
10069	1213
10069	2711
10069	4869
10069	7804
10069	7857
10070	0
10071	0
10072	8038
10073	2309
10074	1635
10075	2639
10076	0
10077	0
10078	0
10079	0
10080	1156
10080	2653
10081	6528
10081	6713
10082	6420
10083	1279
10083	1352
10083	7926
10084	2207
10084	2236
10084	2265
10084	3015
10084	3106
10084	3677
10084	4488
10084	4495
10084	4768
10084	4913
10084	4958
10084	5397
10084	5522
10084	5526
10084	6456
10084	7416
10084	7776
10084	7802
10084	7805
10084	7818
10084	8198
10085	0
10086	0
10087	7340
10088	1361
10088	1457
10088	1458
10088	1459
10088	1460
10088	1461
10088	1462
10088	1463
10088	1581
10088	1896
10088	3025
10088	3347
10088	3348
10088	3912
10088	5279
10088	7237
10088	7634
10088	7637
20001	0
20002	0
20003	0
20004	0
20005	0
20006	0
20007	0
20008	0
20009	0
20010	0
20011	6866
20012	0
20013	1861
20013	4771
20013	5348
20013	6079
20013	8417
20014	1807
20014	3955
20014	5894
20014	5897
20015	1861
20015	2713
20015	6580
20015	8331
20016	0
20017	0
20018	0
20019	0
20020	2018
20020	2765
20020	2766
20020	4565
20020	7188
20020	8239
20021	0
20022	0
20023	0
20024	0
20025	0
20026	0
20027	0
20028	0
20029	0
20030	0
20031	0
20032	3534
20033	3187
20033	3188
20033	4988
20034	0
20035	0
20036	7896
20036	8321
20037	0
20038	0
20039	0
20040	0
20041	0
20042	0
20043	7166
20044	0
20045	0
20046	1010
20046	3484
20046	3870
20046	3913
20046	4004
20046	4827
20046	5662
20046	5664
20046	5665
20046	5666
20046	5675
20046	5678
20046	5685
20046	5689
20046	5690
20046	5746
20046	5747
20046	5748
20046	5749
20046	5829
20046	7353
20046	7501
20046	7502
20046	7503
20046	7506
20047	2321
20047	2326
20047	4062
20047	5040
20048	0
20049	0
20050	0
20051	5857
20052	6283
20053	0
20054	0
20055	1984
20056	0
20057	0
20058	0
20059	0
20060	0
20061	0
20062	0
20063	0
20064	0
20065	0
20066	0
20067	1010
20067	3484
20067	3870
20067	3913
20067	4004
20067	4827
20067	5662
20067	5664
20067	5665
20067	5666
20067	5675
20067	5678
20067	5685
20067	5689
20067	5690
20067	5746
20067	5747
20067	5748
20067	5749
20067	5829
20067	7353
20067	7501
20067	7502
20067	7503
20067	7506
20068	3187
20068	3188
20068	4988
20069	0
20070	0
20071	1996
20072	0
20073	0
20074	0
20075	0
20076	0
20077	0
20078	1800
20078	3693
20079	0
20080	0
20081	4747
20081	4968
20081	5040
20082	1532
20082	6937
20082	8426
20083	1723
20083	1724
20084	0
20085	0
20086	2004
20087	3422
20087	6451
20087	7306
20087	7309
20087	7316
20087	7324
20087	7327
20087	7648
20088	0
20089	6409
20090	0
20091	1073
20091	5044
20091	5406
20091	5413
20091	6576
20092	0
20093	0
20094	0
20095	3680
20095	5406
20096	7654
20096	7960
20096	7967
20097	0
20098	4795
20099	0
20100	0
20101	0
20102	0
20103	6515
20103	8061
20104	0
20105	0
20106	0
20107	0
20108	0
20109	0
20110	0
20111	0
20112	0
20113	0
20114	0
20115	0
20116	0
20117	0
20118	6290
20119	0
20120	0
20121	0
20122	0
20123	0
20124	1085
20124	1191
20124	1192
20124	1246
20124	1338
20124	1342
20124	1343
20124	1619
20124	1620
20124	1621
20124	1622
20124	1623
20124	1627
20124	1658
20124	1758
20124	1759
20124	1760
20124	1761
20124	1762
20124	1764
20124	1897
20124	2133
20124	2827
20124	2845
20124	2959
20124	2978
20124	2995
20124	2996
20124	3139
20124	3145
20124	3147
20124	3152
20124	3156
20124	3302
20124	3303
20124	3304
20124	3305
20124	3316
20124	3373
20124	3430
20124	3433
20124	3434
20124	3435
20124	3444
20124	3529
20124	3708
20124	3729
20124	3730
20124	3733
20124	3734
20124	3794
20124	3924
20124	3938
20124	3942
20124	4018
20124	4028
20124	4029
20124	4030
20124	4056
20124	4463
20124	4478
20124	4534
20124	4540
20124	4590
20124	4669
20124	4685
20124	4857
20124	4901
20124	4902
20124	4904
20124	4905
20124	4906
20124	4907
20124	4908
20124	4909
20124	4910
20124	5066
20124	5304
20124	5305
20124	5327
20124	5328
20124	5329
20124	5330
20124	5331
20124	5332
20124	5333
20124	5378
20124	5379
20124	5382
20124	5383
20124	5387
20124	5390
20124	5391
20124	5393
20124	5427
20124	5428
20124	5431
20124	5432
20124	5433
20124	5451
20124	5468
20124	5552
20124	5574
20124	5606
20124	5660
20124	5661
20124	5913
20124	6208
20124	6210
20124	6231
20124	6345
20124	6548
20124	6629
20124	6684
20124	6736
20124	6858
20124	6859
20124	6996
20124	7019
20124	7020
20124	7149
20124	7215
20124	7226
20124	7504
20124	7590
20124	7684
20124	7781
20124	7912
20124	7968
20124	8037
20124	8060
20124	8284
20124	8285
20124	8286
20124	8409
20124	8448
20124	8492
20124	8522
20125	0
20126	4493
20127	0
20128	0
20129	0
20130	0
20131	6285
20132	0
20133	0
20134	7180
20135	3869
20135	4516
20135	6042
20135	6045
20135	6046
20135	7911
20136	0
20137	3511
20137	4809
20138	3662
20138	7229
20139	0
20140	0
20141	0
20142	0
20143	0
20144	0
20145	6009
20146	0
20147	0
20148	0
20149	0
20150	0
20151	0
20152	2598
20152	6878
20153	0
20154	0
20155	0
20156	4295
20157	7905
20158	1710
20158	4891
20158	7620
20158	8030
20159	0
20160	0
20161	5034
20161	6997
20162	0
20163	1317
20163	3652
20163	3771
20163	4412
20163	4545
20163	4847
20163	4991
20163	5916
20163	5937
20163	6453
20163	6454
20163	7035
20163	7757
20163	8467
20164	4307
20164	4316
20165	0
20166	0
20167	2007
20167	2865
20167	3611
20167	3613
20167	4202
20167	4796
20167	6084
20167	6099
20167	7041
20167	7398
20167	7591
20167	7592
20167	7593
20167	7902
20168	0
20169	1010
20169	3484
20169	3870
20169	3913
20169	4004
20169	4827
20169	5662
20169	5664
20169	5665
20169	5666
20169	5675
20169	5678
20169	5685
20169	5689
20169	5690
20169	5746
20169	5747
20169	5748
20169	5749
20169	5829
20169	7353
20169	7501
20169	7502
20169	7503
20169	7506
20170	1989
20170	5638
20170	8330
20171	0
20172	0
20173	6634
20174	3384
20174	5859
20174	6588
20175	3189
20176	2462
20177	4091
20177	6736
20177	7300
20177	8351
20177	8353
20178	0
20179	7902
20180	0
20181	0
20182	8382
20183	0
20184	0
20185	4121
20186	0
20187	0
20188	2600
20189	0
20190	0
20191	0
20192	0
20193	4974
20194	0
20195	0
20196	0
20197	0
20198	0
20199	0
20200	0
20201	0
20202	3384
20202	5859
20202	6588
20203	3264
20204	0
20205	0
20206	7984
20206	7987
20207	0
20208	0
20209	2047
20210	0
20211	0
20212	7787
20213	0
20214	1984
20215	1020
20215	1699
20215	2965
20215	3655
20215	3699
20215	3703
20215	3860
20215	3941
20215	3977
20215	4404
20215	5494
20215	5519
20215	6117
20215	6159
20215	6767
20215	7164
20215	7199
20215	7356
20215	7914
20216	0
20217	0
20218	0
20219	1866
20219	7895
20219	7899
20220	3894
20220	4565
20221	0
20222	0
20223	0
20224	0
20225	0
20226	0
20227	0
20228	2063
20228	8041
20229	7961
20230	0
20231	0
20232	7283
20233	0
20234	0
20235	0
20236	5039
20236	6044
20237	0
20238	1997
20239	4977
20239	7693
20240	3637
20240	4197
20241	0
20242	0
20243	2635
20244	0
20245	3547
20245	3548
20245	5959
20246	6019
20246	6028
20246	7982
20247	1584
20247	3588
20247	3870
20247	5618
20247	6032
20247	7984
20247	7986
20248	2668
20249	0
20250	0
20251	0
20252	0
20253	2606
20253	4018
20253	5383
20253	5536
20253	6311
20254	0
20255	0
20256	0
20257	1038
20257	1673
20257	5194
20257	5826
20257	6779
20257	7165
20257	7556
20257	7561
20257	7651
20257	8223
20258	4891
20259	0
20260	0
20261	0
20262	0
20263	0
20264	0
20265	3490
20266	0
20267	0
20268	0
20269	0
20270	0
20271	0
20272	0
20273	0
20274	0
20275	0
20276	1532
20276	6937
20276	8426
20277	0
20278	0
20279	0
20280	0
20281	0
20282	6283
20283	0
20284	0
20285	0
20286	0
20287	5412
20288	0
20289	0
20290	0
20291	0
20292	0
20293	0
20294	0
20295	0
20296	0
20297	0
20298	0
20299	0
20300	4518
20301	0
20302	0
20303	0
20304	0
20305	2657
20306	0
20307	0
20308	0
20309	6779
20310	0
20311	0
20312	6014
20313	0
20314	0
20315	0
20316	6289
20316	7330
20317	0
20318	0
20319	0
20320	6177
20320	6179
20321	0
20322	0
20323	0
20324	0
20325	4061
20326	2043
20327	0
20328	1022
20328	1259
20328	1264
20328	2255
20328	2769
20328	2772
20328	2778
20328	3195
20328	3479
20328	3549
20328	3666
20328	4068
20328	4217
20328	4488
20328	4659
20328	4691
20328	4922
20328	4923
20328	4924
20328	4929
20328	5051
20328	5052
20328	5187
20328	5531
20328	5533
20328	5597
20328	5686
20328	5829
20328	5847
20328	6168
20328	6431
20328	6433
20328	6527
20328	6836
20328	6840
20328	7199
20328	7204
20328	7205
20328	7910
20328	7916
20328	7923
20328	8083
20328	8084
20328	8182
20329	1325
20329	4514
20329	5037
20330	3269
20331	0
20332	0
20333	5411
20334	0
20335	0
20336	0
20337	0
20338	0
20339	6738
20340	0
20341	6407
20341	8334
20342	0
20343	0
20344	0
20345	0
20346	3270
20346	4316
20346	4942
20347	0
20348	0
20349	4069
20349	4072
20350	5905
20351	0
20352	0
20353	0
20354	0
20355	0
20356	0
20357	0
20358	0
20359	0
20360	3267
20361	0
20362	0
20363	0
20364	0
20365	0
20366	0
20367	0
20368	0
20369	4103
20369	5043
20369	6313
20369	6314
20369	6822
20369	8142
20369	8455
20369	8458
20370	0
20371	0
20372	3589
20373	0
20374	0
20375	2058
20376	0
20377	2082
20377	3001
20378	0
20379	1271
20379	1365
20379	1418
20379	1608
20379	1609
20379	1610
20379	1614
20379	1823
20379	1952
20379	2581
20379	2584
20379	2745
20379	2774
20379	3530
20379	3742
20379	3743
20379	4058
20379	4386
20379	4387
20379	4498
20379	4899
20379	4927
20379	4939
20379	4967
20379	5360
20379	5473
20379	5605
20379	5668
20379	5734
20379	5735
20379	6205
20379	6213
20379	6528
20379	7399
20379	7421
20379	7423
20379	7425
20379	7822
20380	6205
20381	1418
20382	0
20383	0
20384	0
20385	0
20386	0
20387	0
20388	0
20389	0
20390	0
20391	0
20392	0
20393	0
20394	0
20395	0
20396	0
20397	0
20398	0
20399	0
20400	0
20401	0
20402	0
20403	6019
20403	6028
20403	7982
20404	0
20405	0
20406	0
20407	0
20408	2006
20409	0
20410	0
20411	0
20412	0
20413	0
20414	0
20415	2770
20415	3142
20416	0
20417	0
20418	0
20419	0
20420	0
20421	0
20422	6181
20423	0
20424	7173
20425	0
20426	0
20427	4989
20428	0
20429	0
20430	4966
20431	0
20432	0
20433	2458
20433	5170
20434	0
20435	0
20436	1001
20437	0
20438	0
20439	0
20440	0
20441	6937
20442	0
20443	0
20444	7963
20445	0
20446	3261
20447	7457
20448	0
20449	0
20450	0
20451	7695
20451	7697
20452	0
20453	5116
20454	0
20455	0
20456	2325
20456	3583
20456	6701
20457	7200
20458	1324
20458	2421
20458	7200
20458	7988
20459	4121
20459	4862
20459	8525
20460	0
20461	0
20462	2085
20462	3122
20462	3266
20462	4330
20462	4331
20462	5929
20462	6282
20463	0
20464	0
20465	2416
20466	0
20467	0
20468	0
20469	0
20470	0
20471	2021
20472	0
20473	0
20474	0
20475	0
20476	0
20477	0
20478	0
20479	0
20480	1976
20480	2034
20481	0
20482	4311
20483	0
20484	0
20485	0
20486	0
20487	0
20488	0
20489	0
20490	0
20491	0
20492	0
20493	0
20494	0
20495	0
20496	0
20497	0
20498	2010
20499	4486
20499	5041
20499	5319
20499	7590
20500	0
20501	0
20502	0
20503	0
20504	0
20505	0
20506	0
20507	6181
20508	0
20509	0
20510	5408
20511	4294
20512	0
20513	2448
20514	0
20515	0
20516	0
20517	0
20518	0
20519	0
20520	1807
20521	0
20522	0
20523	0
20524	0
20525	0
20526	0
20527	0
20528	0
20529	0
20530	0
20531	0
20532	0
20533	0
20534	0
20535	0
20536	0
20537	0
20538	0
20539	0
20540	0
20541	0
20542	7168
20543	1001
20543	3426
20543	8166
20544	7894
20545	8181
20546	0
20547	0
20548	0
20549	0
20550	0
20551	0
20552	0
20553	0
20554	0
20555	0
20556	0
20557	2418
20557	5617
20558	2657
20559	0
20560	0
20561	0
20562	0
20563	3196
20563	3580
20563	4289
20563	4975
20563	7756
20563	8272
20564	0
20565	0
20566	1263
20566	1284
20566	1339
20566	1355
20566	1363
20566	1484
20566	1536
20566	1537
20566	1538
20566	1539
20566	1540
20566	1541
20566	1585
20566	1796
20566	2335
20566	2397
20566	2399
20566	2418
20566	2547
20566	2548
20566	2549
20566	2550
20566	2568
20566	2569
20566	2882
20566	2892
20566	3104
20566	3830
20566	4036
20566	4287
20566	4318
20566	4413
20566	4514
20566	4518
20566	4621
20566	4626
20566	4627
20566	4646
20566	4694
20566	4826
20566	4935
20566	4937
20566	4938
20566	4962
20566	5014
20566	5031
20566	5149
20566	5278
20566	5572
20566	5600
20566	5617
20566	5847
20566	5938
20566	5965
20566	6116
20566	6171
20566	6682
20566	6798
20566	6995
20566	7204
20566	7277
20566	7366
20566	7500
20566	7737
20566	7783
20566	7822
20566	7844
20566	7866
20566	8034
20566	8178
20566	8292
20566	8294
20566	8463
20567	7555
20568	0
20569	0
20570	0
20571	0
20572	0
20573	0
20574	0
20575	0
20576	0
20577	3422
20577	6451
20577	7306
20577	7309
20577	7316
20577	7324
20577	7327
20577	7648
20578	0
20579	0
20580	4278
20581	2523
20581	2524
20581	4609
20581	4620
20581	5043
20582	2668
20583	4693
20584	0
20585	0
20586	0
20587	0
20588	0
20589	0
20590	0
20591	0
20592	0
20593	0
20594	0
20595	5322
20596	0
20597	0
20598	0
20599	0
20600	0
20601	0
20602	2105
20602	2107
20602	2578
20602	5255
20602	5256
20602	6176
20602	7545
20603	0
20604	0
20605	0
20606	0
20607	0
20608	0
20609	0
20610	0
20611	5933
20611	5935
20611	7766
20612	0
20613	0
20614	1010
20614	3484
20614	3870
20614	3913
20614	4004
20614	4827
20614	5662
20614	5664
20614	5665
20614	5666
20614	5675
20614	5678
20614	5685
20614	5689
20614	5690
20614	5746
20614	5747
20614	5748
20614	5749
20614	5829
20614	7353
20614	7501
20614	7502
20614	7503
20614	7506
20615	0
20616	0
20617	0
20618	7182
20619	0
20620	0
20621	0
20622	2985
20623	1986
20624	0
20625	0
20626	0
20627	0
20628	0
20629	0
20630	0
20631	0
20632	0
20633	0
20634	0
20635	0
20636	0
20637	0
20638	0
20639	6608
20640	0
20641	0
20642	0
20643	0
20644	0
20645	3183
20646	0
20647	4295
20648	4282
20649	0
20650	3259
20651	0
20652	7171
20652	7172
20653	7213
20654	0
20655	0
20656	0
20657	0
20658	0
20659	0
20660	0
20661	0
20662	7903
20663	0
20664	0
20665	4917
20665	4918
20665	4932
20666	0
20667	0
20668	0
20669	0
20670	0
20671	0
20672	0
20673	2658
20673	2773
20673	4504
20673	5670
20673	5874
20674	0
20675	3893
20676	0
20677	0
20678	0
20679	0
20680	0
20681	0
20682	0
20683	0
20684	3040
20684	3793
20684	6703
20684	7247
20684	7248
20684	7250
20684	7401
20684	8477
20685	4514
20686	0
20687	0
20688	0
20689	0
20690	0
20691	8287
20692	3612
20693	0
20694	0
20695	0
20696	0
20697	3185
20698	0
20699	0
20700	0
20701	0
20702	0
20703	0
20704	0
20705	7288
20706	0
20707	0
20708	0
20709	0
20710	0
20711	0
20712	0
20713	6555
20714	0
20715	0
20716	0
20717	0
20718	0
20719	0
20720	3258
20721	0
20722	0
20723	0
20724	1748
20725	0
20726	0
20727	0
20728	0
20729	0
20730	0
20731	0
20732	0
20733	0
20734	0
20735	0
20736	0
20737	0
20738	0
20739	0
20740	0
20741	0
20742	0
20743	0
20744	7549
20745	7162
20746	0
20747	0
20748	0
20749	7193
20750	0
20751	0
20752	0
20753	0
20754	8026
20755	0
20756	6019
20756	6028
20756	7982
20757	0
20758	0
20759	0
20760	0
20761	0
20762	0
20763	2020
20763	2362
20763	2463
20763	6503
20764	0
20765	0
20766	2463
20766	6656
20767	0
20768	7904
20769	0
20770	0
20771	0
20772	0
20773	1983
20774	0
20775	0
20776	0
20777	0
20778	0
20779	0
20780	5933
20781	0
20782	0
20783	0
20784	0
20785	0
20786	0
20787	0
20788	0
20789	0
20790	0
20791	6290
20792	6040
20793	8186
20794	7293
20795	8322
20796	1335
20796	3031
20796	4502
20796	4941
20796	5042
20796	5681
20796	7971
20797	0
20798	0
20799	0
20800	0
20801	0
20802	0
20803	0
20804	6283
20805	0
20806	0
20807	5636
20808	3329
20808	6806
20809	0
20810	7332
20811	0
20812	0
20813	0
20814	0
20815	4304
20815	4316
20816	0
20817	0
20818	0
20819	0
20820	0
20821	0
20822	0
20823	0
20824	0
20825	0
20826	0
20827	0
20828	0
20829	0
20830	0
20831	0
20832	0
20833	3382
20833	3383
20833	4679
20833	5852
20834	1793
20834	2527
20834	2528
20834	2911
20834	2931
20834	2932
20834	3136
20834	3204
20834	3302
20834	3497
20834	3579
20834	3618
20834	4202
20834	4287
20834	4320
20834	4376
20834	4377
20834	4835
20834	5865
20834	6324
20834	6774
20834	7065
20834	7249
20834	8180
20834	8187
20834	8188
20835	0
20836	0
20837	0
20838	0
20839	0
20840	4562
20841	0
20842	0
20843	0
20844	0
20845	0
20846	0
20847	3139
20847	4056
20847	5941
20848	1335
20848	3031
20848	4502
20848	4941
20848	5042
20848	5681
20848	7971
20849	0
20850	0
20851	3487
20851	3488
20852	3590
20852	3803
20852	7167
20852	7169
20852	7170
20852	7178
20852	7213
20852	7285
20852	8045
20853	7901
20854	0
20855	0
20856	0
20857	0
20858	0
20859	0
20860	0
20861	0
20862	0
20863	0
20864	0
20865	0
20866	4988
20867	0
20868	0
20869	0
20870	0
20871	0
20872	0
20873	2865
20873	3613
20873	4202
20873	6084
20873	6099
20874	1989
20874	5638
20874	8330
20875	7893
20876	0
20877	5407
20878	0
20879	0
20880	1019
20880	1043
20880	2597
20880	4668
20880	4982
20880	8449
20881	0
20882	0
20883	0
20884	0
20885	0
20886	0
20887	0
20888	0
20889	2108
20890	0
20891	0
20892	2462
20893	0
20894	0
20895	0
20896	0
20897	0
20898	3012
20898	3603
20898	3818
20898	7029
20898	7652
20899	3608
20900	0
20901	0
20902	0
20903	0
20904	0
20905	0
20906	0
20907	2010
20908	0
20909	0
20910	4135
20911	2426
20912	0
20913	0
20914	0
20915	0
20916	0
20917	0
20918	2322
20918	2323
20918	5827
20918	5930
20919	0
20920	5408
20921	0
20922	4750
20923	0
20924	4316
20925	0
20926	0
20927	0
20928	0
20929	6284
20929	6288
20930	0
20931	0
20932	0
20933	0
20934	0
20935	0
20936	0
20937	4048
20937	7887
20938	0
20939	3186
20940	0
20941	0
20942	0
20943	0
20944	3670
20945	2657
20946	1157
20946	1285
20946	2641
20946	2654
20946	2655
20946	2656
20946	3468
20946	3577
20946	3604
20946	6149
20946	7349
20946	7350
20947	6937
20948	0
20949	0
20950	0
20951	0
20952	0
20953	5887
20954	5478
20955	0
20956	0
20957	0
20958	0
20959	3576
20959	4425
20959	7187
20960	0
20961	0
20962	0
20963	0
20964	7180
20965	1008
20965	1168
20965	4007
20965	4664
20965	5693
20965	6739
20965	6824
20965	6996
20966	0
20967	0
20968	0
20969	0
20970	0
20971	0
20972	0
20973	5471
20974	0
20975	0
20976	0
20977	0
20978	0
20979	0
20980	0
20981	7839
20982	1812
20983	5904
20983	8464
20984	0
20985	0
20986	0
20987	0
20988	1743
20989	5936
20989	5939
20990	3422
20990	6451
20990	7306
20990	7309
20990	7316
20990	7324
20990	7327
20990	7648
20991	0
20992	1515
20992	3681
20993	4891
20994	7182
20995	8194
20996	0
20997	0
20998	0
20999	0
21000	0
21001	0
21002	0
21003	0
21004	0
21005	0
21006	0
21007	0
21008	0
21009	0
21010	0
21011	0
21012	0
21013	3167
21013	3680
21013	3682
21013	5409
21013	5410
21013	8023
21014	1359
21014	1465
21014	1466
21014	1662
21014	2662
21014	2736
21014	2860
21014	4661
21014	4662
21014	5512
21014	6306
21014	6870
21014	8189
21014	8190
21014	8192
21014	8193
21014	8195
21014	8197
21015	0
21016	0
21017	2903
21018	0
21019	0
21020	0
21021	0
21022	0
21023	0
21024	0
21025	0
21026	0
21027	4891
21028	0
21029	0
21031	0
21032	0
21033	0
21034	7622
21035	0
21036	0
21037	0
21038	0
21039	0
21040	0
21041	0
21042	0
21043	0
21044	0
21045	0
21046	0
21047	0
21048	0
21049	0
21050	0
21051	0
21052	0
21053	0
21054	4967
21054	6348
21054	6349
21055	1711
21057	0
21058	0
21059	0
21060	0
21061	0
21062	0
21063	1682
21063	4550
21064	0
21065	0
21066	0
21067	0
21068	0
21069	0
21070	0
21071	0
21072	0
21074	0
21075	0
21076	3511
21076	4809
21077	0
21078	0
21079	4809
21079	7150
21079	7559
21080	0
21081	4769
21082	0
21083	0
21085	0
21086	0
21087	4446
21088	0
21089	0
21090	0
21091	6283
21092	6809
21094	0
21095	0
21096	1989
21096	5638
21096	8330
21097	0
21098	0
21100	3619
21100	4512
21101	0
21102	0
21103	0
21105	0
21106	0
21107	0
21108	0
21109	2636
21109	7200
21110	0
21111	0
21112	4653
21113	0
21114	0
21115	2321
21115	2326
21115	4062
21115	5040
21116	0
21117	0
21118	0
21119	0
21120	0
21121	0
21122	7519
21122	7520
21124	0
21125	0
21126	0
21127	0
21128	0
21129	0
21131	0
21132	0
21133	0
21134	1605
21134	1859
21134	3114
21134	3220
21134	4170
21134	4171
21134	4173
21134	4364
21134	4365
21134	4524
21134	5013
21134	5272
21134	5446
21134	5616
21134	7118
21134	8298
21135	0
21136	0
21137	0
21138	0
21139	2657
21140	0
21141	0
21142	0
21145	0
21147	0
21149	3716
21151	0
21152	2560
21152	5009
21152	5847
21153	0
21154	0
21155	0
21157	0
21158	0
21159	6407
21159	8334
21160	0
21161	5028
21162	0
21165	0
21166	0
21167	0
21168	0
21169	0
21170	3716
21171	0
21172	0
21173	7623
21175	7766
21176	0
21177	0
21178	6876
21181	0
21182	0
21184	0
21185	0
21186	0
21188	0
21189	0
21190	0
21191	0
21192	0
21193	0
21194	0
21197	0
21198	1012
21198	1982
21198	4272
21198	4330
21198	4971
21199	2021
21200	0
21201	0
21202	0
21203	0
21204	0
21205	0
21206	0
21209	0
21211	0
21212	0
21213	1001
21216	0
21219	0
21222	0
21224	0
21225	1812
21226	0
21227	0
21230	0
21232	0
21233	0
21234	1483
21234	3367
21235	0
21236	0
21239	0
21240	0
21241	0
21242	0
21243	0
21244	0
21245	5936
21246	0
21247	0
21248	0
21249	4693
21250	0
21252	0
21253	0
21254	0
21255	3185
21256	3260
21257	0
21258	0
21259	0
21260	0
21261	0
21262	0
21263	5054
21263	6316
21263	6977
21264	2007
21264	2865
21264	3611
21264	3613
21264	4202
21264	4796
21264	6084
21264	6099
21264	7041
21264	7398
21264	7591
21264	7592
21264	7593
21264	7902
21265	0
21266	0
21267	0
21268	0
21269	0
21270	4794
21270	7284
21271	0
21272	0
21273	0
21274	0
21275	0
21276	0
21277	0
21278	0
21280	0
21281	0
21282	0
21283	0
21284	0
21285	0
21286	2214
21287	0
21290	0
21291	0
21292	0
21295	0
21297	2362
21298	0
21299	0
21300	0
21301	0
21302	1500
21303	0
21304	4073
21304	4074
21304	4103
21305	0
21306	0
21307	0
21308	0
21311	0
21312	0
21314	0
21315	0
21316	0
21317	0
21318	0
21319	7838
21320	0
21321	0
21322	0
21323	0
21325	0
21326	0
21327	1676
21328	0
21329	5860
21330	0
21332	0
21333	0
21334	0
21335	0
21336	5992
21337	0
21338	0
21339	0
21340	0
21341	0
21342	0
21343	0
21344	0
21345	0
21346	0
21347	0
21349	0
21350	0
21351	0
21353	0
21354	0
21355	0
21356	0
21357	0
21358	0
21359	0
21360	0
21361	0
21363	0
21364	0
21365	0
21366	0
21367	0
21368	0
21369	0
21370	0
21371	0
21372	2826
21372	3256
21372	4320
21372	5609
21373	0
30007	0
30008	3871
30009	0
30010	0
30011	5458
30012	0
30014	0
30017	0
30018	0
30019	1172
30019	5814
30020	0
30021	0
30022	0
30023	0
30024	0
30025	0
30026	0
30027	0
30028	0
30029	0
30030	0
30031	0
30032	7732
30033	0
30035	0
30036	0
30037	0
30038	0
30039	0
30040	0
30042	0
30043	0
30045	1992
30045	2158
30046	2310
30048	0
30050	5807
30052	0
30054	0
30055	2019
30055	2022
30056	0
30057	2019
30057	2022
30060	0
30061	7643
30062	0
30063	1628
30064	1605
30064	2175
30064	5616
30064	5976
30064	6571
30064	8253
30065	0
30066	0
30067	0
30070	4993
30072	0
30073	0
30075	0
30078	0
30082	0
30083	0
30084	0
30085	0
30086	0
30087	0
30089	0
30091	5633
30093	0
30094	0
30095	0
30096	0
30098	2033
30099	0
30102	2412
30102	2465
30102	5844
30102	8099
30103	0
30104	0
30105	0
30106	0
30107	0
30110	0
30111	1803
30111	2679
30111	3311
30111	3646
30111	4093
30111	4094
30111	4789
30111	5190
30111	6002
30111	6050
30111	6936
30111	7086
30111	7136
30111	8080
30112	1009
30112	4925
30112	5190
30113	2016
30114	0
30115	7838
30118	0
30119	0
30120	0
30122	0
30123	0
30126	0
30127	2029
30128	0
30129	0
30132	0
30133	4406
30134	0
30135	1911
30136	0
30137	0
30138	0
30139	0
30140	0
30141	0
30142	0
30143	1994
30143	3009
30143	7721
30144	0
30145	1920
30145	6191
30145	6385
30145	7676
30147	0
30149	0
30150	1046
30151	0
30152	0
30154	2073
30154	2103
30155	0
30156	0
30157	0
30159	0
30160	6554
30161	0
30162	4281
30162	4302
30162	4732
30162	8459
30163	0
30164	7644
30165	2033
30166	0
30169	2451
30170	1918
30170	2126
30170	5174
30171	0
30172	0
30174	0
30176	0
30177	2417
30177	3867
30177	4559
30177	4560
30178	0
30180	0
30181	0
30182	0
30183	0
30184	1927
30186	0
30187	2436
30188	0
30189	0
30190	1997
30191	2166
30192	0
30193	0
30194	0
30195	0
30196	0
30197	0
30198	0
30199	0
30201	0
30202	0
30203	0
30207	0
30208	0
30210	0
30211	0
30212	0
30213	0
30214	1845
30214	4114
30214	4309
30214	7594
30214	7843
30215	0
30217	0
30218	1474
30218	2430
30218	4407
30218	7403
30219	0
30220	1919
30221	0
30222	3867
30223	1798
30223	4405
30223	4410
30223	4411
30223	4798
30223	7522
30224	0
30225	0
30226	2031
30230	0
30231	0
30233	7573
30234	0
30236	5154
30237	0
30241	0
30242	1928
30243	0
30244	0
30245	0
30246	1828
30246	5996
30246	5999
30246	6001
30246	6273
30246	7664
30246	8456
30247	2435
30248	0
30249	0
30250	0
30251	0
30252	0
30254	0
30257	0
30258	0
30259	2112
30260	5926
30261	0
30262	0
30263	0
30264	0
30265	0
30267	0
30269	0
30273	0
30275	4707
30275	6553
30277	0
30278	0
30280	0
30283	0
30284	0
30285	0
30288	0
30292	1928
30294	0
30295	0
30296	1991
30297	2028
30298	0
30299	0
30302	0
30303	1828
30303	5996
30303	5999
30303	6001
30303	6273
30303	7664
30303	8456
30304	0
30305	0
30306	0
30307	0
30308	0
30309	0
30311	0
30312	2415
30313	0
30314	1769
30316	0
30317	0
30319	0
30325	0
30328	0
30330	0
30331	0
30332	0
30334	0
30338	1923
30339	1768
30340	1173
30340	1447
30341	0
30342	0
30343	0
30344	0
30345	0
30346	0
30347	0
30348	0
30349	0
30350	2029
30350	7718
30350	7721
30351	0
30352	0
30353	0
30355	0
30356	0
30358	0
30359	0
30360	0
30366	0
30367	0
30368	2451
30369	1911
30369	2318
30369	3420
30369	4020
30369	5807
30370	0
30372	2468
30372	5619
30372	6191
30376	0
30377	0
30378	0
30379	0
30380	2016
30381	0
30382	0
30383	7663
30385	0
30387	0
30388	2431
30389	0
30390	0
30391	0
30393	0
30395	0
30398	0
30401	2451
30402	0
30403	6610
30404	0
30407	0
30411	0
30413	0
30414	1995
30417	7708
30418	0
30419	0
30420	0
30421	0
30422	0
30423	7716
30426	0
30429	1918
30429	1985
30429	2049
30429	6556
30430	0
30432	0
30434	0
30435	0
30436	0
30438	1447
30438	2437
30438	2471
30438	5172
30438	5176
30438	5627
30438	5628
30438	5629
30438	5631
30438	5634
30438	6043
30438	6192
30438	6381
30438	6442
30438	7976
30439	0
30440	5626
30441	0
30442	0
30443	1039
30443	1987
30444	0
30445	0
30446	0
30447	0
30448	2476
30449	1798
30451	0
30452	1935
30453	0
30454	0
30456	0
30457	1914
30457	1978
30460	0
30462	0
30463	0
30465	0
30467	0
30468	0
30469	1140
30469	3009
30469	4665
30469	4667
30469	5993
30469	5994
30469	6532
30470	0
30471	0
30472	0
30473	0
30474	1919
30477	5804
30478	0
30480	1050
30481	5628
30482	0
30483	0
30484	0
30485	0
30486	0
30531	0
30533	0
30538	0
30539	0
30561	0
30570	0
30571	0
30577	0
30590	0
41000	0
41001	0
41002	0
41003	0
41004	0
41005	0
41006	7025
41006	7026
41006	7027
41007	0
41008	0
41009	0
41010	0
41011	0
41012	0
44000	0
44001	1975
44002	1988
44003	0
44004	0
44031	0
